Exercise 5-1: Transformation from celestial to terrestrial reference system

Date
 1999/03/04  00:00:00.000 UTC
 1999/03/04  00:00:00.649 UT1
 1999/03/04  00:01:04.184 TT 


IAU 1976 Precession matrix (ICRS to tod)
 +0.99999998 +0.00018581 +0.00008074
 -0.00018581 +0.99999998 -0.00000001
 -0.00008074 -0.00000001 +1.00000000

IAU 1980 Nutation matrix (tod to mod)
 +1.00000000 +0.00004484 +0.00001944
 -0.00004484 +1.00000000 +0.00003207
 -0.00001944 -0.00003207 +1.00000000

Earth Rotation matrix
 -0.94730417 +0.32033547 +0.00000000
 -0.32033547 -0.94730417 +0.00000000
 +0.00000000 +0.00000000 +1.00000000

Polar motion matrix
 +1.00000000 +0.00000000 +0.00000033
 +0.00000000 +1.00000000 -0.00000117
 -0.00000033 +0.00000117 +1.00000000


ICRS-ITRS transformation
 -0.94737803 +0.32011696 -0.00008431
 -0.32011696 -0.94737803 -0.00006363
 -0.00010024 -0.00003330 +0.99999999
